<?xml version="1.0"?>
<opencv_storage>
<R0 type_id="opencv-matrix">
  <rows>3</rows>
  <cols>3</cols>
  <dt>d</dt>
  <data>
    1. 0. 0. 0. 1. 0. 0. 0. 1.</data></R0>
<t0 type_id="opencv-matrix">
  <rows>3</rows>
  <cols>1</cols>
  <dt>d</dt>
  <data>
    0. 0. 0.</data></t0>
<R1 type_id="opencv-matrix">
  <rows>3</rows>
  <cols>3</cols>
  <dt>d</dt>
  <data>
    -1.3191664354509025e-02 7.1080873966411151e-01
    -7.0326162671418035e-01 6.9732844107164016e-01
    -4.9752651425515904e-01 -5.1594613370555165e-01
    -7.1663032678233340e-01 -4.9721052204295535e-01
    -4.8910394754654951e-01</data></R1>
<t1 type_id="opencv-matrix">
  <rows>3</rows>
  <cols>1</cols>
  <dt>d</dt>
  <data>
    2.4551765705816736e-01 5.5391524425451026e-02 4.2304197784289266e-01</data></t1>
<R2 type_id="opencv-matrix">
  <rows>3</rows>
  <cols>3</cols>
  <dt>d</dt>
  <data>
    1.1797085443600521e-02 -7.1387501489629146e-01
    7.0017375834992290e-01 6.8172758863861260e-01 5.1799815469954769e-01
    5.1664824263404430e-01 -7.3151098670082815e-01
    4.7123282444528775e-01 4.9277916098522045e-01</data></R2>
<t2 type_id="opencv-matrix">
  <rows>3</rows>
  <cols>1</cols>
  <dt>d</dt>
  <data>
    -2.1078414131022929e-01 -1.8914928188696625e-01
    1.9002143282322786e-01</data></t2>
<R3 type_id="opencv-matrix">
  <rows>3</rows>
  <cols>3</cols>
  <dt>d</dt>
  <data>
    -9.9941993153220532e-01 -3.4023825548004163e-02
    -1.4763980632326104e-03 -2.3888142515212964e-03
    2.6791952186393742e-02 9.9963817697430601e-01
    -3.3971959358180481e-02 9.9906184522937369e-01
    -2.6857687619100123e-02</data></R3>
<t3 type_id="opencv-matrix">
  <rows>3</rows>
  <cols>1</cols>
  <dt>d</dt>
  <data>
    4.3375528077268313e-02 -3.2838261242951833e-01
    3.4327027651491537e-01</data></t3>
</opencv_storage>
