<?xml version="1.0"?>
<opencv_storage>
<R0 type_id="opencv-matrix">
  <rows>3</rows>
  <cols>1</cols>
  <dt>d</dt>
  <data>
    0. 0. 0.</data></R0>
<t0 type_id="opencv-matrix">
  <rows>3</rows>
  <cols>1</cols>
  <dt>d</dt>
  <data>
    0. 0. 0.</data></t0>
<R1 type_id="opencv-matrix">
  <rows>3</rows>
  <cols>1</cols>
  <dt>d</dt>
  <data>
    -2.2319008714301782e+00 -1.5901596942834779e+00
    1.5860992773702050e+00</data></R1>
<t1 type_id="opencv-matrix">
  <rows>3</rows>
  <cols>1</cols>
  <dt>d</dt>
  <data>
    2.4442688057040440e-01 5.8183126121163858e-02 4.3430391196707463e-01</data></t1>
<R2 type_id="opencv-matrix">
  <rows>3</rows>
  <cols>1</cols>
  <dt>d</dt>
  <data>
    -2.7387032787935594e-02 1.1233156264174988e+00
    1.0910743280841728e+00</data></R2>
<t2 type_id="opencv-matrix">
  <rows>3</rows>
  <cols>1</cols>
  <dt>d</dt>
  <data>
    -2.1537298630957000e-01 -1.9254507932687068e-01
    1.9827779563549250e-01</data></t2>
<R3 type_id="opencv-matrix">
  <rows>3</rows>
  <cols>1</cols>
  <dt>d</dt>
  <data>
    -3.7108453305403390e-02 2.2648989775149180e+00
    2.1739541905730713e+00</data></R3>
<t3 type_id="opencv-matrix">
  <rows>3</rows>
  <cols>1</cols>
  <dt>d</dt>
  <data>
    4.9088381648809486e-02 -3.3278498625215097e-01
    3.5386050348676223e-01</data></t3>
</opencv_storage>
