<?xml version="1.0"?>
<opencv_storage>
<R0 type_id="opencv-matrix">
  <rows>3</rows>
  <cols>1</cols>
  <dt>d</dt>
  <data>
    0. 0. 0.</data></R0>
<t0 type_id="opencv-matrix">
  <rows>3</rows>
  <cols>1</cols>
  <dt>d</dt>
  <data>
    0. 0. 0.</data></t0>
<R1 type_id="opencv-matrix">
  <rows>3</rows>
  <cols>1</cols>
  <dt>d</dt>
  <data>
    -2.2159604377453070e+00 -1.5821084772601535e+00
    1.5972735630676569e+00</data></R1>
<t1 type_id="opencv-matrix">
  <rows>3</rows>
  <cols>1</cols>
  <dt>d</dt>
  <data>
    2.4818422963306630e-01 5.6489481732358460e-02 4.2883021766424145e-01</data></t1>
<R2 type_id="opencv-matrix">
  <rows>3</rows>
  <cols>1</cols>
  <dt>d</dt>
  <data>
    -1.7265771752148468e-02 1.0915232708511753e+00
    1.1064656154885024e+00</data></R2>
<t2 type_id="opencv-matrix">
  <rows>3</rows>
  <cols>1</cols>
  <dt>d</dt>
  <data>
    -2.1199600752901224e-01 -1.8975278531315162e-01
    1.8647789176514823e-01</data></t2>
<R3 type_id="opencv-matrix">
  <rows>3</rows>
  <cols>1</cols>
  <dt>d</dt>
  <data>
    3.2105822162528240e-02 -2.2632076473595486e+00
    -2.1946769362264313e+00</data></R3>
<t3 type_id="opencv-matrix">
  <rows>3</rows>
  <cols>1</cols>
  <dt>d</dt>
  <data>
    4.5732985927224447e-02 -3.3130402926270380e-01
    3.5156636078616765e-01</data></t3>
</opencv_storage>
