<?xml version="1.0"?>
<opencv_storage>
<R0 type_id="opencv-matrix">
  <rows>3</rows>
  <cols>1</cols>
  <dt>d</dt>
  <data>
    0. 0. 0.</data></R0>
<t0 type_id="opencv-matrix">
  <rows>3</rows>
  <cols>1</cols>
  <dt>d</dt>
  <data>
    0. 0. 0.</data></t0>
<R1 type_id="opencv-matrix">
  <rows>3</rows>
  <cols>1</cols>
  <dt>d</dt>
  <data>
    -2.2160216242759634e+00 -1.5812259292080553e+00
    1.5945248779161101e+00</data></R1>
<t1 type_id="opencv-matrix">
  <rows>3</rows>
  <cols>1</cols>
  <dt>d</dt>
  <data>
    2.4884927877252916e-01 5.6144948333801015e-02 4.2875032779079003e-01</data></t1>
<R2 type_id="opencv-matrix">
  <rows>3</rows>
  <cols>1</cols>
  <dt>d</dt>
  <data>
    1.0720394985063803e-01 -3.3816409533912508e+00
    -3.2964190192668954e+00</data></R2>
<t2 type_id="opencv-matrix">
  <rows>3</rows>
  <cols>1</cols>
  <dt>d</dt>
  <data>
    -2.1364180256918319e-01 -1.9170060900765543e-01
    1.9258310751594376e-01</data></t2>
<R3 type_id="opencv-matrix">
  <rows>3</rows>
  <cols>1</cols>
  <dt>d</dt>
  <data>
    -3.9594173181342333e-02 2.2346420299918304e+00
    2.1753869263286116e+00</data></R3>
<t3 type_id="opencv-matrix">
  <rows>3</rows>
  <cols>1</cols>
  <dt>d</dt>
  <data>
    4.3953005298511316e-02 -3.3282636807227456e-01
    3.4792229926249130e-01</data></t3>
</opencv_storage>
