11
0 1.000000 -0.000000 -0.000000 0.000000 1.000000 0.000000 0.000000 0.000000 1.000000 0.000000 0.000000 0.000000 
1 -1.000000 -0.000000 0.000000 -0.000000 -0.447214 -0.894427 0.000000 -0.894427 0.447214 0.000000 -1.902113 -1.175571 
2 -0.309017 0.425325 0.850651 -0.951057 -0.138197 -0.276393 0.000000 -0.894427 0.447214 1.809017 -0.587785 -1.175571 
3 0.809017 0.262866 0.525731 -0.587785 0.361803 0.723607 0.000000 -0.894427 0.447214 1.118034 1.538842 -1.175571 
4 0.809017 -0.262866 -0.525731 0.587785 0.361803 0.723607 0.000000 -0.894427 0.447214 -1.118034 1.538842 -1.175571 
5 -0.309017 -0.425325 -0.850651 0.951057 -0.138197 -0.276393 -0.000000 -0.894427 0.447214 -1.809017 -0.587785 -1.175571 
6 0.809017 -0.262866 -0.525731 -0.587785 -0.361803 -0.723607 -0.000000 0.894427 -0.447214 -1.118034 -1.538842 -3.077684 
7 0.809017 0.262866 0.525731 0.587785 -0.361803 -0.723607 -0.000000 0.894427 -0.447214 1.118034 -1.538842 -3.077684 
9 -0.309017 0.425325 0.850651 0.951057 0.138197 0.276393 0.000000 0.894427 -0.447214 1.809017 0.587785 -3.077684 
10 -1.000000 -0.000000 -0.000000 -0.000000 0.447214 0.894427 -0.000000 0.894427 -0.447214 0.000000 1.902113 -3.077684 
23 -0.309017 -0.425325 -0.850651 -0.951057 0.138197 0.276393 0.000000 0.894427 -0.447214 -1.809017 0.587785 -3.077684 
