<?xml version="1.0"?>
<opencv_storage>
<R0 type_id="opencv-matrix">
  <rows>3</rows>
  <cols>1</cols>
  <dt>d</dt>
  <data>
    3.5210491787332016e-02 -1.7712265553536005e-01
    4.3045950082987214e-02</data></R0>
<t0 type_id="opencv-matrix">
  <rows>3</rows>
  <cols>1</cols>
  <dt>d</dt>
  <data>
    5.4590985677021482e-02 1.4184104860881255e-02 1.2688591721406958e-02</data></t0>
<R1 type_id="opencv-matrix">
  <rows>3</rows>
  <cols>1</cols>
  <dt>d</dt>
  <data>
    4.3385598372502282e-01 -9.8170863275374243e-01
    -1.9454461891615185e-01</data></R1>
<t1 type_id="opencv-matrix">
  <rows>3</rows>
  <cols>1</cols>
  <dt>d</dt>
  <data>
    3.9535174718864369e-01 -7.3124695506737877e-02
    1.7536431529064458e-01</data></t1>
</opencv_storage>
