<?xml version="1.0"?>
<opencv_storage>
<R0 type_id="opencv-matrix">
  <rows>3</rows>
  <cols>1</cols>
  <dt>d</dt>
  <data>
    0. 0. 0.</data></R0>
<t0 type_id="opencv-matrix">
  <rows>3</rows>
  <cols>1</cols>
  <dt>d</dt>
  <data>
    0. 0. 0.</data></t0>
<R1 type_id="opencv-matrix">
  <rows>3</rows>
  <cols>1</cols>
  <dt>d</dt>
  <data>
    4.4198291263462014e-01 -9.9080881451382030e-01
    -1.9344337244715415e-01</data></R1>
<t1 type_id="opencv-matrix">
  <rows>3</rows>
  <cols>1</cols>
  <dt>d</dt>
  <data>
    3.9619567613150064e-01 -7.2260818814224539e-02
    1.8049438526743034e-01</data></t1>
</opencv_storage>
