<?xml version="1.0"?>
<opencv_storage>
<R0 type_id="opencv-matrix">
  <rows>3</rows>
  <cols>1</cols>
  <dt>d</dt>
  <data>
    0. 0. 0.</data></R0>
<t0 type_id="opencv-matrix">
  <rows>3</rows>
  <cols>1</cols>
  <dt>d</dt>
  <data>
    0. 0. 0.</data></t0>
<R1 type_id="opencv-matrix">
  <rows>3</rows>
  <cols>1</cols>
  <dt>d</dt>
  <data>
    -7.2324845629976139e-02 -3.9142336638089262e-02
    6.1135124121830288e-03</data></R1>
<t1 type_id="opencv-matrix">
  <rows>3</rows>
  <cols>1</cols>
  <dt>d</dt>
  <data>
    1.5376839119543745e-01 -9.1043479526995118e-03
    3.4149801732138363e-03</data></t1>
</opencv_storage>
