<?xml version="1.0"?>
<opencv_storage>
<ppx>3.2027593994140625e+02</ppx>
<ppy>2.3945849609375000e+02</ppy>
<fx>3.8547299194335938e+02</fx>
<fy>3.8547299194335938e+02</fy>
</opencv_storage>
