<?xml version="1.0"?>
<opencv_storage>
<intrinsics type_id="opencv-matrix">
  <rows>3</rows>
  <cols>3</cols>
  <dt>d</dt>
  <data>
    3.8547299194335938e+02 0. 3.2027593994140625e+02 0.
    3.8547299194335938e+02 2.3945849609375000e+02 0. 0. 1.</data></intrinsics>
</opencv_storage>
