<?xml version="1.0"?>
<opencv_storage>
<intrinsics type_id="opencv-matrix">
  <rows>3</rows>
  <cols>3</cols>
  <dt>d</dt>
  <data>
    6.3598626708984375e+02 0. 3.0910699462890625e+02 0.
    6.3598626708984375e+02 2.3397251892089844e+02 0. 0. 1.</data></intrinsics>
<distCoeffs type_id="opencv-matrix">
  <rows>5</rows>
  <cols>1</cols>
  <dt>d</dt>
  <data>
    0. 0. 0. 0. 0.</data></distCoeffs>
</opencv_storage>
