<?xml version="1.0"?>
<opencv_storage>
<intrinsics type_id="opencv-matrix">
  <rows>3</rows>
  <cols>3</cols>
  <dt>d</dt>
  <data>
    6.2401068115234375e+02 0. 4.1953594970703125e+02 0.
    6.2401068115234375e+02 2.3111669921875000e+02 0. 0. 1.</data></intrinsics>
<distCoeffs type_id="opencv-matrix">
  <rows>5</rows>
  <cols>1</cols>
  <dt>d</dt>
  <data>
    0. 0. 0. 0. 0.</data></distCoeffs>
</opencv_storage>
