<?xml version="1.0"?>
<opencv_storage>
<intrinsics type_id="opencv-matrix">
  <rows>3</rows>
  <cols>3</cols>
  <dt>d</dt>
  <data>
    3.8454400634765625e+02 0. 3.1790567016601563e+02 0.
    3.8454400634765625e+02 2.4332919311523438e+02 0. 0. 1.</data></intrinsics>
<distCoeffs type_id="opencv-matrix">
  <rows>5</rows>
  <cols>1</cols>
  <dt>d</dt>
  <data>
    0. 0. 0. 0. 0.</data></distCoeffs>
</opencv_storage>
