<?xml version="1.0"?>
<opencv_storage>
<ppx>3.1790567016601563e+02</ppx>
<ppy>2.4332919311523438e+02</ppy>
<fx>3.8454400634765625e+02</fx>
<fy>3.8454400634765625e+02</fy>
</opencv_storage>
